Input data:
n=4
a1=1
a2=2
a3=3
a4=4
Result:
b1=1
b2=0.333333
b3=0.333333
b4=4
